	mean-sentence-length	mean-word-length	mean-node-types-per-sentence	mean-mean-degree	lexical-density	mean-sentence-mean-lexical-diversity
mean-sentence-length	1.0	0.04141527287878049	0.9639134403420819	0.6715256921975078	0.030722795397456683	-0.003601520667907727
mean-word-length	0.04141527287878049	1.0	0.012920507625972898	-0.016163769079348404	0.43932901254199186	0.43553855944473363
mean-node-types-per-sentence	0.9639134403420819	0.012920507625972898	1.0	0.5820813412199449	-0.026587622661351534	-0.05765065357627466
mean-mean-degree	0.6715256921975078	-0.016163769079348404	0.5820813412199449	1.0	0.1924240886336678	0.1546372800684123
lexical-density	0.030722795397456683	0.43932901254199186	-0.026587622661351534	0.1924240886336678	1.0	0.9589683266782933
mean-sentence-mean-lexical-diversity	-0.003601520667907727	0.43553855944473363	-0.05765065357627466	0.1546372800684123	0.9589683266782933	1.0
