	ttr	mean-mean-degree	mean-sentence-length	mean-node-types-per-sentence	mean-word-length	lexical-density	mean-sentence-mean-lexical-diversity
ttr	1.0	-0.21692574733773354	-0.4588678783795674	-0.4276567254292539	-0.10178525582779517	0.037977209931002974	0.06211934486901089
mean-mean-degree	-0.21692574733773354	1.0	0.4993389587499856	0.4242975636903026	0.002915392300129595	0.157651427601694	0.13897249662928982
mean-sentence-length	-0.4588678783795674	0.4993389587499856	1.0	0.8510195065585563	0.035470842199140346	0.0354343061754949	0.012802919609340276
mean-node-types-per-sentence	-0.4276567254292539	0.4242975636903026	0.8510195065585563	1.0	0.014504453369123696	-0.0062805896856213085	-0.026718213224434312
mean-word-length	-0.10178525582779517	0.002915392300129595	0.035470842199140346	0.014504453369123696	1.0	0.3271693031605433	0.3202482468853019
lexical-density	0.037977209931002974	0.157651427601694	0.0354343061754949	-0.0062805896856213085	0.3271693031605433	1.0	0.8628463936450467
mean-sentence-mean-lexical-diversity	0.06211934486901089	0.13897249662928982	0.012802919609340276	-0.026718213224434312	0.3202482468853019	0.8628463936450467	1.0
