	mean-mean-degree	mean-sentence-length	mean-node-types-per-sentence	ttr	mean-word-length	lexical-density	mean-sentence-mean-lexical-diversity
mean-mean-degree	1.0	0.3615471923146481	0.535571560665171	-0.30153357824721877	-0.3655808018557201	-0.15323848672694043	-0.29299869921196475
mean-sentence-length	0.3615471923146481	1.0	0.8250116485218091	-0.382321347002548	-0.08823764094535225	-0.03784707424903696	-0.07015298823987914
mean-node-types-per-sentence	0.535571560665171	0.8250116485218091	1.0	-0.5166136425756677	-0.17263038180564524	-0.14146024096204565	-0.19699392176635064
ttr	-0.30153357824721877	-0.382321347002548	-0.5166136425756677	1.0	0.009682610049959125	0.08729936173440761	0.14355806585809974
mean-word-length	-0.3655808018557201	-0.08823764094535225	-0.17263038180564524	0.009682610049959125	1.0	0.6161405323207142	0.5897128305713407
lexical-density	-0.15323848672694043	-0.03784707424903696	-0.14146024096204565	0.08729936173440761	0.6161405323207142	1.0	0.9444545425663048
mean-sentence-mean-lexical-diversity	-0.29299869921196475	-0.07015298823987914	-0.19699392176635064	0.14355806585809974	0.5897128305713407	0.9444545425663048	1.0
