	ttr	mean-mean-degree	mean-sentence-length	mean-node-types-per-sentence	mean-word-length	lexical-density	mean-sentence-mean-lexical-diversity
ttr	1.0	-0.3269445272014343	-0.6489014065684177	-0.6084601197644898	-0.14792357634049916	0.05497316378744623	0.08945883410184999
mean-mean-degree	-0.3269445272014343	1.0	0.6715256921975078	0.5820813412199449	-0.016163769079348404	0.1924240886336678	0.1546372800684123
mean-sentence-length	-0.6489014065684177	0.6715256921975078	1.0	0.9639134403420819	0.04141527287878049	0.030722795397456683	-0.003601520667907727
mean-node-types-per-sentence	-0.6084601197644898	0.5820813412199449	0.9639134403420819	1.0	0.012920507625972898	-0.026587622661351534	-0.05765065357627466
mean-word-length	-0.14792357634049916	-0.016163769079348404	0.04141527287878049	0.012920507625972898	1.0	0.43932901254199186	0.43553855944473363
lexical-density	0.05497316378744623	0.1924240886336678	0.030722795397456683	-0.026587622661351534	0.43932901254199186	1.0	0.9589683266782933
mean-sentence-mean-lexical-diversity	0.08945883410184999	0.1546372800684123	-0.003601520667907727	-0.05765065357627466	0.43553855944473363	0.9589683266782933	1.0
