	mean-sentence-length	mean-word-length	mean-node-types-per-sentence	mean-mean-degree	mean-flat-degree	lexical-density	mean-sentence-mean-lexical-diversity
mean-sentence-length	1.0	0.035470842199140346	0.8510195065585563	0.4993389587499856	0.5243318224730743	0.0354343061754949	0.012802919609340276
mean-word-length	0.035470842199140346	1.0	0.014504453369123696	0.002915392300129595	0.02665028530069849	0.3271693031605433	0.3202482468853019
mean-node-types-per-sentence	0.8510195065585563	0.014504453369123696	1.0	0.4242975636903026	0.41942972079772295	-0.0062805896856213085	-0.026718213224434312
mean-mean-degree	0.4993389587499856	0.002915392300129595	0.4242975636903026	1.0	0.8283540850599764	0.157651427601694	0.13897249662928982
mean-flat-degree	0.5243318224730743	0.02665028530069849	0.41942972079772295	0.8283540850599764	1.0	0.18738839808354812	0.15688897117737322
lexical-density	0.0354343061754949	0.3271693031605433	-0.0062805896856213085	0.157651427601694	0.18738839808354812	1.0	0.8628463936450467
mean-sentence-mean-lexical-diversity	0.012802919609340276	0.3202482468853019	-0.026718213224434312	0.13897249662928982	0.15688897117737322	0.8628463936450467	1.0
