	mean-sentence-length	mean-word-length	mean-node-types-per-sentence	mean-mean-degree	lexical-density	mean-sentence-mean-lexical-diversity
mean-sentence-length	1.0	-0.08823764094535225	0.8250116485218091	0.3615471923146481	-0.03784707424903696	-0.07015298823987914
mean-word-length	-0.08823764094535225	1.0	-0.17263038180564524	-0.3655808018557201	0.6161405323207142	0.5897128305713407
mean-node-types-per-sentence	0.8250116485218091	-0.17263038180564524	1.0	0.535571560665171	-0.14146024096204565	-0.19699392176635064
mean-mean-degree	0.3615471923146481	-0.3655808018557201	0.535571560665171	1.0	-0.15323848672694043	-0.29299869921196475
lexical-density	-0.03784707424903696	0.6161405323207142	-0.14146024096204565	-0.15323848672694043	1.0	0.9444545425663048
mean-sentence-mean-lexical-diversity	-0.07015298823987914	0.5897128305713407	-0.19699392176635064	-0.29299869921196475	0.9444545425663048	1.0
